2019 02 06 00   232   186 10127    65    12 -9999 -9999 -9999 ./867300-99999-2019
2019 02 06 01   215   192 10144   302    23 -9999 -9999 -9999 ./867300-99999-2019
2019 02 06 02   216   193 10136    71    14 -9999 -9999 -9999 ./867300-99999-2019
2019 02 06 03   210   191 10135   238    21 -9999 -9999 -9999 ./867300-99999-2019
2019 02 06 04   212   193 10125   229    11 -9999 -9999 -9999 ./867300-99999-2019
2019 02 06 05   212   191 10122   203    17 -9999 -9999 -9999 ./867300-99999-2019
2019 02 06 07   212   192 10121   106     2 -9999 -9999 -9999 ./867300-99999-2019
2019 02 06 08   212   194 10128     2    14 -9999 -9999 -9999 ./867300-99999-2019
2019 02 06 09   210   194 10132    86    11 -9999 -9999 -9999 ./867300-99999-2019
2019 02 06 10   212   194 10138    99    11 -9999 -9999 -9999 ./867300-99999-2019
2019 02 06 11   225   201 10145    85    14 -9999 -9999 -9999 ./867300-99999-2019
2019 02 06 12   235   197 10146    92    22 -9999 -9999 -9999 ./867300-99999-2019
2019 02 06 13   255   200 10142    63    18 -9999 -9999 -9999 ./867300-99999-2019
2019 02 06 14   257   202 10135   108    18 -9999 -9999 -9999 ./867300-99999-2019
2019 02 06 15   272   198 10126    26    12 -9999 -9999 -9999 ./867300-99999-2019
2019 02 06 16   285   194 10110   338    12 -9999 -9999 -9999 ./867300-99999-2019
2019 02 06 20   261   191 10087   319    31 -9999 -9999 -9999 ./867300-99999-2019
2019 02 06 23   240   195 10105   295     3 -9999 -9999 -9999 ./867300-99999-2019
2019 02 07 01   232   194 10123    16    16 -9999 -9999 -9999 ./867300-99999-2019
2019 02 07 02   225   204 10133     1    19 -9999 -9999 -9999 ./867300-99999-2019
2019 02 07 03   217   199 10128    14    13 -9999 -9999 -9999 ./867300-99999-2019
2019 02 07 04   215   194 10122    65    12 -9999 -9999 -9999 ./867300-99999-2019
2019 02 07 05   212   195 10117   324     7 -9999 -9999 -9999 ./867300-99999-2019
2019 02 07 06   211   195 10113    23     6 -9999 -9999 -9999 ./867300-99999-2019
2019 02 07 07   211   194 10113     7    15 -9999 -9999 -9999 ./867300-99999-2019
2019 02 07 08   206   193 10115    55     2 -9999 -9999 -9999 ./867300-99999-2019
2019 02 07 09   205   192 10115   250     0 -9999 -9999 -9999 ./867300-99999-2019
2019 02 07 10   207   195 10122   199    17 -9999 -9999 -9999 ./867300-99999-2019
2019 02 07 11   222   204 10122   177    10 -9999 -9999 -9999 ./867300-99999-2019
2019 02 07 12   262   210 10115     8     6 -9999 -9999 -9999 ./867300-99999-2019
2019 02 07 13   281   207 10109    19    14 -9999 -9999 -9999 ./867300-99999-2019
2019 02 07 15   295   204 10096   319    25 -9999 -9999 -9999 ./867300-99999-2019
2019 02 07 16   305   200 10081   339    26 -9999 -9999 -9999 ./867300-99999-2019
2019 02 07 17   292   206 10077   340    40 -9999 -9999 -9999 ./867300-99999-2019
2019 02 07 18   292   200 10066   346    22 -9999 -9999 -9999 ./867300-99999-2019
2019 02 07 19   290   198 10065   357    25 -9999 -9999 -9999 ./867300-99999-2019
2019 02 07 20   267   202 10068   103    22 -9999 -9999 -9999 ./867300-99999-2019
2019 02 07 21   217   205 10094   133    40 -9999 -9999 -9999 ./867300-99999-2019
2019 02 07 22   211   201 10100    38    16 -9999 -9999 -9999 ./867300-99999-2019
2019 02 07 23   212   203 10115    87    12 -9999 -9999 -9999 ./867300-99999-2019
2019 02 08 00   215   203 10117    98     0 -9999 -9999 -9999 ./867300-99999-2019
2019 02 08 01   212   201 10120   182     8 -9999 -9999 -9999 ./867300-99999-2019
2019 02 08 02   212   201 10118   242     2 -9999 -9999 -9999 ./867300-99999-2019
2019 02 08 03   215   204 10118    94     1 -9999 -9999 -9999 ./867300-99999-2019
2019 02 08 04   215   204 10112   175     0 -9999 -9999 -9999 ./867300-99999-2019
2019 02 08 05   216   205 10107   201     0 -9999 -9999 -9999 ./867300-99999-2019
2019 02 08 06   217   205 10107   176     0 -9999 -9999 -9999 ./867300-99999-2019
2019 02 08 10   220   207 10119   102     0 -9999 -9999 -9999 ./867300-99999-2019
2019 02 08 11   232   212 10125   344     2 -9999 -9999 -9999 ./867300-99999-2019
2019 02 08 12   250   214 10125     9    14 -9999 -9999 -9999 ./867300-99999-2019
2019 02 08 13   267   208 10121   334    35 -9999 -9999 -9999 ./867300-99999-2019
2019 02 08 14   287   209 10113   357    33 -9999 -9999 -9999 ./867300-99999-2019
2019 02 08 15   287   208 10108   342    28 -9999 -9999 -9999 ./867300-99999-2019
2019 02 08 16   296   209 10094   339    30 -9999 -9999 -9999 ./867300-99999-2019
2019 02 08 17   287   202 10087   328    31 -9999 -9999 -9999 ./867300-99999-2019
2019 02 08 18   300   194 10068     2    28 -9999 -9999 -9999 ./867300-99999-2019
2019 02 08 19   276   207 10074    19    31 -9999 -9999 -9999 ./867300-99999-2019
2019 02 08 20   275   209 10075   359    38 -9999 -9999 -9999 ./867300-99999-2019
2019 02 08 21   251   208 10085   340    32 -9999 -9999 -9999 ./867300-99999-2019
2019 02 08 22   245   205 10091    39    15 -9999 -9999 -9999 ./867300-99999-2019
2019 02 08 23   242   209 10111   239     9 -9999 -9999 -9999 ./867300-99999-2019
2019 02 09 00   221   204 10121   333    13 -9999 -9999 -9999 ./867300-99999-2019
2019 02 09 01   227   209 10118   341     9 -9999 -9999 -9999 ./867300-99999-2019
2019 02 09 02   227   211 10116   112     9 -9999 -9999 -9999 ./867300-99999-2019
2019 02 09 03   225   206 10119   233     3 -9999 -9999 -9999 ./867300-99999-2019
2019 02 09 04   222   209 10115   147     1 -9999 -9999 -9999 ./867300-99999-2019
2019 02 09 05   222   209 10112   269     9 -9999 -9999 -9999 ./867300-99999-2019
2019 02 09 06   220   207 10105   194     0 -9999 -9999 -9999 ./867300-99999-2019
2019 02 09 07   220   207 10107   215     0 -9999 -9999 -9999 ./867300-99999-2019
2019 02 09 08   221   207 10112   145     0 -9999 -9999 -9999 ./867300-99999-2019
2019 02 09 09   222   209 10116   183     0 -9999 -9999 -9999 ./867300-99999-2019
2019 02 09 10   225   210 10122   204     0 -9999 -9999 -9999 ./867300-99999-2019
2019 02 09 11   235   213 10127    15     0 -9999 -9999 -9999 ./867300-99999-2019
2019 02 09 12   242   214 10131    51     0 -9999 -9999 -9999 ./867300-99999-2019
2019 02 09 13   262   220 10126   114     0 -9999 -9999 -9999 ./867300-99999-2019
2019 02 09 14   277   218 10121    40    13 -9999 -9999 -9999 ./867300-99999-2019
2019 02 09 15   301   208 10106   352    19 -9999 -9999 -9999 ./867300-99999-2019
2019 02 09 16   267   212 10109   258    43 -9999 -9999 -9999 ./867300-99999-2019
2019 02 09 17   292   197 10086   287    21 -9999 -9999 -9999 ./867300-99999-2019
2019 02 09 18   306   203 10070    68    12 -9999 -9999 -9999 ./867300-99999-2019
2019 02 09 19   307   193 10059    72    15 -9999 -9999 -9999 ./867300-99999-2019
2019 02 09 20   301   199 10066    75    12 -9999 -9999 -9999 ./867300-99999-2019
2019 02 09 21   282   200 10075    10    22 -9999 -9999 -9999 ./867300-99999-2019
2019 02 09 23   260   201 10104   354    15 -9999 -9999 -9999 ./867300-99999-2019
2019 02 10 00   255   207 10107     5    20 -9999 -9999 -9999 ./867300-99999-2019
2019 02 10 01   241   209 10113    89    12 -9999 -9999 -9999 ./867300-99999-2019
2019 02 10 02   241   210 10118    39    17 -9999 -9999 -9999 ./867300-99999-2019
2019 02 10 03   232   209 10118   358    20 -9999 -9999 -9999 ./867300-99999-2019
2019 02 10 04   232   209 10113    16    15 -9999 -9999 -9999 ./867300-99999-2019
2019 02 10 05   225   204 10115   356    26 -9999 -9999 -9999 ./867300-99999-2019
2019 02 10 06   222   201 10114     5    19 -9999 -9999 -9999 ./867300-99999-2019
2019 02 10 07   222   204 10117     3    22 -9999 -9999 -9999 ./867300-99999-2019
2019 02 10 08   220   207 10125     4    23 -9999 -9999 -9999 ./867300-99999-2019
2019 02 10 09   220   207 10126     2    19 -9999 -9999 -9999 ./867300-99999-2019
2019 02 10 10   222   208 10130     4    20 -9999 -9999 -9999 ./867300-99999-2019
2019 02 10 11   235   211 10128   354    20 -9999 -9999 -9999 ./867300-99999-2019
2019 02 10 12   247   208 10129   342    15 -9999 -9999 -9999 ./867300-99999-2019
2019 02 10 13   261   210 10128   353    26 -9999 -9999 -9999 ./867300-99999-2019
2019 02 10 14   282   203 10117   323    22 -9999 -9999 -9999 ./867300-99999-2019
2019 02 10 15   295   202 10111   338     8 -9999 -9999 -9999 ./867300-99999-2019
